400
0 0.7809138885226323 315.37279527568637
1 0.7809138885226323 315.37279527568637
-1 0.7809138885226323 315.37279527568637
2 0.7809138885226323 315.37279527568637
-2 0.7809138885226323 315.37279527568637
3 0.7809138885226323 315.37279527568637
-3 0.7809138885226323 315.37279527568637
4 0.7809138885226323 315.37279527568637
-4 0.7809138885226323 315.37279527568637
5 0.7809138885226323 315.37279527568637
-5 0.7809138885226323 315.37279527568637
6 0.7809138885226323 315.37279527568637
-6 0.7809138885226323 315.37279527568637
7 0.7809138885226323 315.37279527568637
-7 0.7809138885226323 315.37279527568637
8 0.7809138885226323 315.37279527568637
-8 0.7809138885226323 315.37279527568637
9 0.7809138885226323 315.37279527568637
-9 0.7809138885226323 315.37279527568637
10 0.7809138885226323 315.37279527568637
-10 0.7809138885226323 315.37279527568637
11 0.7809138885226323 315.37279527568637
-11 0.7809138885226323 315.37279527568637
12 0.7809138885226323 315.37279527568637
-12 0.7809138885226323 315.37279527568637
13 0.7809138885226323 315.37279527568637
-13 0.7809138885226323 315.37279527568637
14 0.7809138885226323 315.37279527568637
-14 0.7809138885226323 315.37279527568637
15 0.7809138885226323 315.37279527568637
-15 0.7809138885226323 315.37279527568637
16 0.7809138885226323 315.37279527568637
-16 0.7809138885226323 315.37279527568637
17 0.7809138885226323 315.37279527568637
-17 0.7809138885226323 315.37279527568637
18 0.7809138885226323 315.37279527568637
-18 0.7809138885226323 315.37279527568637
19 0.7809138885226323 315.37279527568637
-19 0.7809138885226323 315.37279527568637
20 0.7809138885226323 315.37279527568637
-20 0.7809138885226323 315.37279527568637
21 0.7809138885226323 315.37279527568637
-21 0.7809138885226323 315.37279527568637
22 0.7809138885226323 315.37279527568637
-22 0.7809138885226323 315.37279527568637
23 0.7809138885226323 315.37279527568637
-23 0.7809138885226323 315.37279527568637
24 0.7809138885226323 315.37279527568637
-24 0.7809138885226323 315.37279527568637
25 0.7809138885226323 315.37279527568637
-25 0.7809138885226323 315.37279527568637
26 0.7809138885226323 315.37279527568637
-26 0.7809138885226323 315.37279527568637
27 0.7809138885226323 315.37279527568637
-27 0.7809138885226323 315.37279527568637
28 0.7809138885226323 315.37279527568637
-28 0.7809138885226323 315.37279527568637
29 0.7809138885226323 315.37279527568637
-29 0.7809138885226323 315.37279527568637
30 0.7809138885226323 315.37279527568637
-30 0.7809138885226323 315.37279527568637
31 0.7809138885226323 315.37279527568637
-31 0.7809138885226323 315.37279527568637
32 0.7809138885226323 315.37279527568637
-32 0.7809138885226323 315.37279527568637
33 0.7809138885226323 315.37279527568637
-33 0.7809138885226323 315.37279527568637
34 0.7809138885226323 315.37279527568637
-34 0.7809138885226323 315.37279527568637
35 0.7809138885226323 315.37279527568637
-35 0.7809138885226323 315.37279527568637
36 0.7809138885226323 315.37279527568637
-36 0.7809138885226323 315.37279527568637
37 0.7809138885226323 315.37279527568637
-37 0.7809138885226323 315.37279527568637
38 0.7809138885226323 315.37279527568637
-38 0.7809138885226323 315.37279527568637
39 0.7809138885226323 315.37279527568637
-39 0.7809138885226323 315.37279527568637
40 0.7809138885226323 315.37279527568637
-40 0.7809138885226323 315.37279527568637
41 0.7809138885226323 315.37279527568637
-41 0.7809138885226323 315.37279527568637
42 0.7809138885226323 315.37279527568637
-42 0.7809138885226323 315.37279527568637
43 0.7809138885226323 315.37279527568637
-43 0.7809138885226323 315.37279527568637
44 0.7809138885226323 315.37279527568637
-44 0.7809138885226323 315.37279527568637
45 0.7809138885226323 315.37279527568637
-45 0.7809138885226323 315.37279527568637
46 0.7809138885226323 315.37279527568637
-46 0.7809138885226323 315.37279527568637
47 0.7809138885226323 315.37279527568637
-47 0.7809138885226323 315.37279527568637
48 0.7809138885226323 315.37279527568637
-48 0.7809138885226323 315.37279527568637
49 0.7809138885226323 315.37279527568637
-49 0.7809138885226323 315.37279527568637
50 0.7809138885226323 315.37279527568637
-50 0.7809138885226323 315.37279527568637
51 0.7809138885226323 315.37279527568637
-51 0.7809138885226323 315.37279527568637
52 0.7809138885226323 315.37279527568637
-52 0.7809138885226323 315.37279527568637
53 0.7809138885226323 315.37279527568637
-53 0.7809138885226323 315.37279527568637
54 0.7809138885226323 315.37279527568637
-54 0.7809138885226323 315.37279527568637
55 0.7809138885226323 315.37279527568637
-55 0.7809138885226323 315.37279527568637
56 0.7809138885226323 315.37279527568637
-56 0.7809138885226323 315.37279527568637
57 0.7809138885226323 315.37279527568637
-57 0.7809138885226323 315.37279527568637
58 0.7809138885226323 315.37279527568637
-58 0.7809138885226323 315.37279527568637
59 0.7809138885226323 315.37279527568637
-59 0.7809138885226323 315.37279527568637
60 0.7809138885226323 315.37279527568637
-60 0.7809138885226323 315.37279527568637
61 0.7809138885226323 315.37279527568637
-61 0.7809138885226323 315.37279527568637
62 0.7809138885226323 315.37279527568637
-62 0.7809138885226323 315.37279527568637
63 0.7809138885226323 315.37279527568637
-63 0.7809138885226323 315.37279527568637
64 0.7809138885226323 315.37279527568637
-64 0.7809138885226323 315.37279527568637
65 0.7809138885226323 315.37279527568637
-65 0.7809138885226323 315.37279527568637
66 0.7809138885226323 315.37279527568637
-66 0.7809138885226323 315.37279527568637
67 0.7809138885226323 315.37279527568637
-67 0.7809138885226323 315.37279527568637
68 0.7809138885226323 315.37279527568637
-68 0.7809138885226323 315.37279527568637
69 0.7809138885226323 315.37279527568637
-69 0.7809138885226323 315.37279527568637
70 0.7809138885226323 315.37279527568637
-70 0.7809138885226323 315.37279527568637
71 0.7809138885226323 315.37279527568637
-71 0.7809138885226323 315.37279527568637
72 0.7809138885226323 315.37279527568637
-72 0.7809138885226323 315.37279527568637
73 0.7809138885226323 315.37279527568637
-73 0.7809138885226323 315.37279527568637
74 0.7809138885226323 315.37279527568637
-74 0.7809138885226323 315.37279527568637
75 0.7809138885226323 315.37279527568637
-75 0.7809138885226323 315.37279527568637
76 0.7809138885226323 315.37279527568637
-76 0.7809138885226323 315.37279527568637
77 0.7809138885226323 315.37279527568637
-77 0.7809138885226323 315.37279527568637
78 0.7809138885226323 315.37279527568637
-78 0.7809138885226323 315.37279527568637
79 0.7809138885226323 315.37279527568637
-79 0.7809138885226323 315.37279527568637
80 0.7809138885226323 315.37279527568637
-80 0.7809138885226323 315.37279527568637
81 0.7809138885226323 315.37279527568637
-81 0.7809138885226323 315.37279527568637
82 0.7809138885226323 315.37279527568637
-82 0.7809138885226323 315.37279527568637
83 0.7809138885226323 315.37279527568637
-83 0.7809138885226323 315.37279527568637
84 0.7809138885226323 315.37279527568637
-84 0.7809138885226323 315.37279527568637
85 0.7809138885226323 315.37279527568637
-85 0.7809138885226323 315.37279527568637
86 0.7809138885226323 315.37279527568637
-86 0.7809138885226323 315.37279527568637
87 0.7809138885226323 315.37279527568637
-87 0.7809138885226323 315.37279527568637
88 0.7809138885226323 315.37279527568637
-88 0.7809138885226323 315.37279527568637
89 0.7809138885226323 315.37279527568637
-89 0.7809138885226323 315.37279527568637
90 0.7809138885226323 315.37279527568637
-90 0.7809138885226323 315.37279527568637
91 0.7809138885226323 315.37279527568637
-91 0.7809138885226323 315.37279527568637
92 0.7809138885226323 315.37279527568637
-92 0.7809138885226323 315.37279527568637
93 0.7809138885226323 315.37279527568637
-93 0.7809138885226323 315.37279527568637
94 0.7809138885226323 315.37279527568637
-94 0.7809138885226323 315.37279527568637
95 0.7809138885226323 315.37279527568637
-95 0.7809138885226323 315.37279527568637
96 0.7809138885226323 315.37279527568637
-96 0.7809138885226323 315.37279527568637
97 0.7809138885226323 315.37279527568637
-97 0.7809138885226323 315.37279527568637
98 0.7809138885226323 315.37279527568637
-98 0.7809138885226323 315.37279527568637
99 0.7809138885226323 315.37279527568637
-99 0.7809138885226323 315.37279527568637
100 0.7809138885226323 315.37279527568637
-100 0.7809138885226323 315.37279527568637
101 0.7809138885226323 315.37279527568637
-101 0.7809138885226323 315.37279527568637
102 0.7809138885226323 315.37279527568637
-102 0.7809138885226323 315.37279527568637
103 0.7809138885226323 315.37279527568637
-103 0.7809138885226323 315.37279527568637
104 0.7809138885226323 315.37279527568637
-104 0.7809138885226323 315.37279527568637
105 0.7809138885226323 315.37279527568637
-105 0.7809138885226323 315.37279527568637
106 0.7809138885226323 315.37279527568637
-106 0.7809138885226323 315.37279527568637
107 0.7809138885226323 315.37279527568637
-107 0.7809138885226323 315.37279527568637
108 0.7809138885226323 315.37279527568637
-108 0.7809138885226323 315.37279527568637
109 0.7809138885226323 315.37279527568637
-109 0.7809138885226323 315.37279527568637
110 0.7809138885226323 315.37279527568637
-110 0.7809138885226323 315.37279527568637
111 0.7809138885226323 315.37279527568637
-111 0.7809138885226323 315.37279527568637
112 0.7809138885226323 315.37279527568637
-112 0.7809138885226323 315.37279527568637
113 0.7809138885226323 315.37279527568637
-113 0.7809138885226323 315.37279527568637
114 0.7809138885226323 315.37279527568637
-114 0.7809138885226323 315.37279527568637
115 0.7809138885226323 315.37279527568637
-115 0.7809138885226323 315.37279527568637
116 0.7809138885226323 315.37279527568637
-116 0.7809138885226323 315.37279527568637
117 0.7809138885226323 315.37279527568637
-117 0.7809138885226323 315.37279527568637
118 0.7809138885226323 315.37279527568637
-118 0.7809138885226323 315.37279527568637
119 0.7809138885226323 315.37279527568637
-119 0.7809138885226323 315.37279527568637
120 0.7809138885226323 315.37279527568637
-120 0.7809138885226323 315.37279527568637
121 0.7809138885226323 315.37279527568637
-121 0.7809138885226323 315.37279527568637
122 0.7809138885226323 315.37279527568637
-122 0.7809138885226323 315.37279527568637
123 0.7809138885226323 315.37279527568637
-123 0.7809138885226323 315.37279527568637
124 0.7809138885226323 315.37279527568637
-124 0.7809138885226323 315.37279527568637
125 0.7809138885226323 315.37279527568637
-125 0.7809138885226323 315.37279527568637
126 0.7809138885226323 315.37279527568637
-126 0.7809138885226323 315.37279527568637
127 0.7809138885226323 315.37279527568637
-127 0.7809138885226323 315.37279527568637
128 0.7809138885226323 315.37279527568637
-128 0.7809138885226323 315.37279527568637
129 0.7809138885226323 315.37279527568637
-129 0.7809138885226323 315.37279527568637
130 0.7809138885226323 315.37279527568637
-130 0.7809138885226323 315.37279527568637
131 0.7809138885226323 315.37279527568637
-131 0.7809138885226323 315.37279527568637
132 0.7809138885226323 315.37279527568637
-132 0.7809138885226323 315.37279527568637
133 0.7809138885226323 315.37279527568637
-133 0.7809138885226323 315.37279527568637
134 0.7809138885226323 315.37279527568637
-134 0.7809138885226323 315.37279527568637
135 0.7809138885226323 315.37279527568637
-135 0.7809138885226323 315.37279527568637
136 0.7809138885226323 315.37279527568637
-136 0.7809138885226323 315.37279527568637
137 0.7809138885226323 315.37279527568637
-137 0.7809138885226323 315.37279527568637
138 0.7809138885226323 315.37279527568637
-138 0.7809138885226323 315.37279527568637
139 0.7809138885226323 315.37279527568637
-139 0.7809138885226323 315.37279527568637
140 0.7809138885226323 315.37279527568637
-140 0.7809138885226323 315.37279527568637
141 0.7809138885226323 315.37279527568637
-141 0.7809138885226323 315.37279527568637
142 0.7809138885226323 315.37279527568637
-142 0.7809138885226323 315.37279527568637
143 0.7809138885226323 315.37279527568637
-143 0.7809138885226323 315.37279527568637
144 0.7809138885226323 315.37279527568637
-144 0.7809138885226323 315.37279527568637
145 0.7809138885226323 315.37279527568637
-145 0.7809138885226323 315.37279527568637
146 0.7809138885226323 315.37279527568637
-146 0.7809138885226323 315.37279527568637
147 0.7809138885226323 315.37279527568637
-147 0.7809138885226323 315.37279527568637
148 0.7809138885226323 315.37279527568637
-148 0.7809138885226323 315.37279527568637
149 0.7809138885226323 315.37279527568637
-149 0.7809138885226323 315.37279527568637
150 0.7809138885226323 315.37279527568637
-150 0.7809138885226323 315.37279527568637
151 0.7809138885226323 315.37279527568637
-151 0.7809138885226323 315.37279527568637
152 0.7809138885226323 315.37279527568637
-152 0.7809138885226323 315.37279527568637
153 0.7809138885226323 315.37279527568637
-153 0.7809138885226323 315.37279527568637
154 0.7809138885226323 315.37279527568637
-154 0.7809138885226323 315.37279527568637
155 0.7809138885226323 315.37279527568637
-155 0.7809138885226323 315.37279527568637
156 0.7809138885226323 315.37279527568637
-156 0.7809138885226323 315.37279527568637
157 0.7809138885226323 315.37279527568637
-157 0.7809138885226323 315.37279527568637
158 0.7809138885226323 315.37279527568637
-158 0.7809138885226323 315.37279527568637
159 0.7809138885226323 315.37279527568637
-159 0.7809138885226323 315.37279527568637
160 0.7809138885226323 315.37279527568637
-160 0.7809138885226323 315.37279527568637
161 0.7809138885226323 315.37279527568637
-161 0.7809138885226323 315.37279527568637
162 0.7809138885226323 315.37279527568637
-162 0.7809138885226323 315.37279527568637
163 0.7809138885226323 315.37279527568637
-163 0.7809138885226323 315.37279527568637
164 0.7809138885226323 315.37279527568637
-164 0.7809138885226323 315.37279527568637
165 0.7809138885226323 315.37279527568637
-165 0.7809138885226323 315.37279527568637
166 0.7809138885226323 315.37279527568637
-166 0.7809138885226323 315.37279527568637
167 0.7809138885226323 315.37279527568637
-167 0.7809138885226323 315.37279527568637
168 0.7809138885226323 315.37279527568637
-168 0.7809138885226323 315.37279527568637
169 0.7809138885226323 315.37279527568637
-169 0.7809138885226323 315.37279527568637
170 0.7809138885226323 315.37279527568637
-170 0.7809138885226323 315.37279527568637
171 0.7809138885226323 315.37279527568637
-171 0.7809138885226323 315.37279527568637
172 0.7809138885226323 315.37279527568637
-172 0.7809138885226323 315.37279527568637
173 0.7809138885226323 315.37279527568637
-173 0.7809138885226323 315.37279527568637
174 0.7809138885226323 315.37279527568637
-174 0.7809138885226323 315.37279527568637
175 0.7809138885226323 315.37279527568637
-175 0.7809138885226323 315.37279527568637
176 0.7809138885226323 315.37279527568637
-176 0.7809138885226323 315.37279527568637
177 0.7809138885226323 315.37279527568637
-177 0.7809138885226323 315.37279527568637
178 0.7809138885226323 315.37279527568637
-178 0.7809138885226323 315.37279527568637
179 0.7809138885226323 315.37279527568637
-179 0.7809138885226323 315.37279527568637
180 0.7809138885226323 315.37279527568637
-180 0.7809138885226323 315.37279527568637
181 0.7809138885226323 315.37279527568637
-181 0.7809138885226323 315.37279527568637
182 0.7809138885226323 315.37279527568637
-182 0.7809138885226323 315.37279527568637
183 0.7809138885226323 315.37279527568637
-183 0.7809138885226323 315.37279527568637
184 0.7809138885226323 315.37279527568637
-184 0.7809138885226323 315.37279527568637
185 0.7809138885226323 315.37279527568637
-185 0.7809138885226323 315.37279527568637
186 0.7809138885226323 315.37279527568637
-186 0.7809138885226323 315.37279527568637
187 0.7809138885226323 315.37279527568637
-187 0.7809138885226323 315.37279527568637
188 0.7809138885226323 315.37279527568637
-188 0.7809138885226323 315.37279527568637
189 0.7809138885226323 315.37279527568637
-189 0.7809138885226323 315.37279527568637
190 0.7809138885226323 315.37279527568637
-190 0.7809138885226323 315.37279527568637
191 0.7809138885226323 315.37279527568637
-191 0.7809138885226323 315.37279527568637
192 0.7809138885226323 315.37279527568637
-192 0.7809138885226323 315.37279527568637
193 0.7809138885226323 315.37279527568637
-193 0.7809138885226323 315.37279527568637
194 0.7809138885226323 315.37279527568637
-194 0.7809138885226323 315.37279527568637
195 0.7809138885226323 315.37279527568637
-195 0.7809138885226323 315.37279527568637
196 0.7809138885226323 315.37279527568637
-196 0.7809138885226323 315.37279527568637
197 0.7809138885226323 315.37279527568637
-197 0.7809138885226323 315.37279527568637
198 0.7809138885226323 315.37279527568637
-198 0.7809138885226323 315.37279527568637
199 0.7809138885226323 315.37279527568637
-199 0.7809138885226323 315.37279527568637
200 0.7809138885226323 315.37279527568637
-200 0.7809138885226323 315.37279527568637
